5 6 2 7 1 8 3 4 0 & 2631 & 22 & 0.0031723 & 9.77798 & 12 \\
5 3 2 8 7 1 4 0 6 & 3276 & 23 & 0.0038929 & 10.5983 & 15 \\
1 0 7 5 2 4 3 8 6 & 145 & 17 & 0.000197 & 9.9878 & 13 \\
3 6 4 2 8 0 5 7 1 & 2720 & 25 & 0.0032308 & 11.7814 & 17 \\
0 6 1 7 4 2 3 8 5 & 165 & 16 & 0.0002198 & 7.13781 & 10 \\
0 3 8 2 1 4 7 6 5 & 1734 & 22 & 0.0020904 & 9.24546 & 12 \\
0 8 2 1 5 6 7 3 4 & 1741 & 22 & 0.002094 & 10.4373 & 14 \\
5 0 2 6 4 8 1 7 3 & 439 & 21 & 0.0008387 & 10.75 & 11 \\
3 0 8 4 1 2 6 7 5 & 464 & 17 & 0.0005961 & 7.57995 & 7 \\
7 2 6 3 1 5 8 0 4 & 611 & 21 & 0.000756 & 11.5015 & 13 \\
2 4 7 0 3 6 8 1 5 & 724 & 23 & 0.0008872 & 11.7241 & 15 \\
2 1 6 0 4 3 7 5 8 & 1659 & 23 & 0.0020262 & 10.9094 & 11 \\
1 2 8 0 3 7 5 6 4 & 372 & 19 & 0.0004739 & 9.07508 & 13 \\
1 4 8 2 7 6 0 3 5 & 1420 & 22 & 0.0017084 & 9.65937 & 14 \\
5 0 2 1 6 8 7 3 4 & 465 & 19 & 0.000588 & 8.21231 & 13 \\
6 2 1 5 0 4 3 8 7 & 2130 & 22 & 0.0025753 & 9.63501 & 10 \\
1 8 0 4 5 2 6 7 3 & 794 & 20 & 0.0013286 & 9.22923 & 10 \\
7 6 4 8 1 3 5 0 2 & 71 & 21 & 0.0001174 & 12.973 & 19 \\
1 8 7 5 0 4 2 3 6 & 456 & 22 & 0.0005678 & 11.5486 & 18 \\
2 8 0 4 1 7 5 6 3 & 368 & 22 & 0.0004674 & 10.9112 & 16 \\
7 8 1 3 6 2 4 5 0 & 27 & 16 & 5.05e-05 & 9.63636 & 14 \\
1 4 7 3 6 2 0 8 5 & 76 & 16 & 0.0001093 & 8.56349 & 10 \\
5 2 3 4 7 1 8 0 6 & 2805 & 25 & 0.0033386 & 11.1287 & 15 \\
5 1 3 2 6 4 7 8 0 & 805 & 22 & 0.0009883 & 10.212 & 14 \\
1 0 2 5 8 6 4 7 3 & 1666 & 23 & 0.0019996 & 10.2856 & 13 \\
4 7 6 0 5 2 3 8 1 & 2470 & 25 & 0.002932 & 10.3454 & 15 \\
5 8 2 1 7 6 3 0 4 & 1294 & 21 & 0.0015473 & 9.68414 & 15 \\
3 0 2 6 1 4 5 7 8 & 100 & 13 & 0.0001386 & 6.92818 & 7 \\
2 0 1 7 5 3 8 6 4 & 1609 & 23 & 0.0019257 & 11.262 & 13 \\
8 1 0 5 3 7 2 4 6 & 225 & 24 & 0.0003038 & 14.0028 & 16 \\
0 2 6 5 4 7 1 3 8 & 1820 & 24 & 0.0021653 & 11.523 & 14 \\
4 5 0 1 7 2 3 8 6 & 129 & 16 & 0.0001743 & 9.48165 & 12 \\
0 6 3 5 8 2 1 7 4 & 37 & 18 & 0.0001076 & 10.2459 & 16 \\
1 4 8 0 7 5 2 6 3 & 1500 & 23 & 0.0018089 & 10.93 & 13 \\
1 5 0 8 4 3 2 7 6 & 4075 & 26 & 0.0048229 & 11.366 & 14 \\
2 3 6 8 1 0 5 4 7 & 5873 & 27 & 0.0068836 & 12.1135 & 17 \\
1 6 0 7 3 8 4 5 2 & 487 & 22 & 0.0006054 & 11.7152 & 14 \\
8 4 3 1 6 5 0 7 2 & 5296 & 26 & 0.006231 & 11.0962 & 14 \\
3 8 2 7 5 1 0 6 4 & 2349 & 22 & 0.0028154 & 9.77091 & 12 \\
7 2 3 6 4 8 1 0 5 & 5296 & 25 & 0.0062591 & 10.8577 & 13 \\
3 1 2 4 0 8 5 7 6 & 125 & 14 & 0.0001742 & 7.92166 & 8 \\
8 5 3 1 2 6 4 0 7 & 3436 & 25 & 0.0040368 & 11.4462 & 19 \\
2 0 8 6 1 3 4 7 5 & 1193 & 21 & 0.0016731 & 9.67131 & 11 \\
3 6 7 1 2 8 4 5 0 & 9239 & 26 & 0.0109177 & 10.2447 & 16 \\
0 3 6 1 2 8 4 7 5 & 2256 & 24 & 0.0029509 & 10.4347 & 14 \\
4 8 6 5 0 7 1 3 2 & 626 & 24 & 0.0007673 & 13.1572 & 20 \\
7 2 0 1 8 6 3 4 5 & 92 & 18 & 0.0001385 & 10.1184 & 14 \\
4 0 7 1 3 2 5 8 6 & 1145 & 23 & 0.0013771 & 11.0429 & 15 \\
1 4 3 0 5 8 7 6 2 & 1201 & 21 & 0.0014439 & 10.7251 & 11 \\
1 3 6 5 8 4 0 2 7 & 5557 & 28 & 0.0065259 & 12.4014 & 16 \\
3 1 6 4 0 8 7 5 2 & 730 & 20 & 0.0008955 & 9.97202 & 12 \\
8 0 5 1 4 3 7 2 6 & 9355 & 27 & 0.0111323 & 10.6355 & 15 \\
1 0 2 8 7 3 4 6 5 & 661 & 19 & 0.0008194 & 8.78661 & 11 \\
5 8 1 4 7 3 2 6 0 & 2195 & 26 & 0.0026165 & 12.0918 & 16 \\
6 4 1 2 0 3 7 8 5 & 257 & 18 & 0.0004583 & 9.30626 & 12 \\
6 1 7 4 8 3 5 2 0 & 2440 & 24 & 0.0030663 & 10.669 & 16 \\
0 1 5 3 8 7 6 4 2 & 339 & 18 & 0.0004794 & 8.48448 & 8 \\
7 8 2 6 4 3 0 1 5 & 2316 & 24 & 0.0027561 & 10.8761 & 12 \\
6 0 8 7 4 3 5 2 1 & 272 & 23 & 0.0003491 & 13.2102 & 17 \\
5 4 0 7 6 2 8 3 1 & 3401 & 24 & 0.004024 & 10.8299 & 16 \\
5 6 1 8 7 0 2 4 3 & 9544 & 27 & 0.0111688 & 11.5019 & 19 \\
1 6 7 4 2 0 3 5 8 & 8845 & 25 & 0.0106568 & 9.66959 & 13 \\
5 3 6 4 7 2 1 0 8 & 360 & 21 & 0.0004586 & 10.3719 & 15 \\
0 8 7 4 2 6 1 3 5 & 103 & 22 & 0.000154 & 13.3988 & 18 \\
7 2 0 5 4 3 8 6 1 & 11359 & 28 & 0.0133519 & 11.5511 & 14 \\
5 3 0 6 7 1 8 2 4 & 406 & 20 & 0.0005082 & 9.68685 & 16 \\
5 7 2 8 3 6 4 0 1 & 8302 & 27 & 0.0097324 & 11.2258 & 17 \\
3 7 8 1 4 6 5 0 2 & 6762 & 27 & 0.0080068 & 11.8587 & 15 \\
7 4 5 8 6 3 2 0 1 & 2421 & 25 & 0.0028814 & 11.361 & 19 \\
0 4 1 8 2 5 3 7 6 & 3944 & 24 & 0.0046923 & 9.62369 & 10 \\
5 1 7 2 3 6 8 4 0 & 899 & 24 & 0.0010907 & 11.5169 & 16 \\
6 3 4 8 2 1 5 7 0 & 868 & 22 & 0.0010563 & 10.5045 & 16 \\
2 0 1 5 7 6 4 8 3 & 14476 & 27 & 0.0170734 & 10.9029 & 15 \\
7 8 0 6 3 1 2 5 4 & 3141 & 26 & 0.0037255 & 11.7239 & 18 \\
6 2 4 3 7 0 5 1 8 & 8979 & 25 & 0.0108815 & 9.91499 & 11 \\
7 5 4 8 3 6 0 2 1 & 1631 & 26 & 0.0019365 & 11.6023 & 20 \\
3 8 4 5 7 1 0 6 2 & 413 & 20 & 0.0006607 & 9.50659 & 14 \\
5 6 2 8 7 1 0 3 4 & 8936 & 26 & 0.010524 & 10.443 & 16 \\
3 2 4 6 5 8 0 7 1 & 166 & 16 & 0.0002283 & 8.81034 & 10 \\
7 5 1 6 8 4 2 0 3 & 7986 & 27 & 0.0096495 & 11.3541 & 17 \\
3 5 2 0 8 1 4 6 7 & 490 & 19 & 0.0006164 & 8.29142 & 11 \\
8 0 6 7 1 3 5 2 4 & 324 & 25 & 0.0004097 & 14.1706 & 21 \\
2 5 8 4 1 0 6 3 7 & 56 & 15 & 8.38e-05 & 8.01087 & 11 \\
7 0 2 1 8 6 3 4 5 & 83 & 17 & 0.0001207 & 9.75362 & 13 \\
2 1 5 3 8 0 6 7 4 & 186 & 15 & 0.0002499 & 7.25786 & 7 \\
3 8 6 4 7 0 1 5 2 & 2713 & 25 & 0.0031994 & 11.4755 & 17 \\
1 0 7 2 4 3 6 8 5 & 206 & 17 & 0.0004114 & 9.26062 & 11 \\
3 6 7 5 8 0 4 1 2 & 5691 & 27 & 0.0066981 & 11.7959 & 17 \\
6 2 0 3 1 4 8 7 5 & 1408 & 20 & 0.0017019 & 8.11849 & 8 \\
7 1 5 4 0 3 2 6 8 & 573 & 20 & 0.0007169 & 9.43302 & 12 \\
8 0 7 4 6 1 5 2 3 & 2764 & 27 & 0.0032651 & 11.3301 & 21 \\
8 2 0 5 7 6 1 3 4 & 2791 & 26 & 0.003317 & 10.9761 & 18 \\
3 8 5 7 0 1 6 4 2 & 2006 & 22 & 0.0024208 & 9.71594 & 12 \\
3 5 4 1 7 6 0 2 8 & 1238 & 22 & 0.0017873 & 10.9632 & 14 \\
0 2 8 5 4 1 7 3 6 & 1016 & 22 & 0.0012369 & 10.9764 & 12 \\
4 3 7 0 6 1 5 8 2 & 244 & 19 & 0.0003183 & 9.9358 & 17 \\
2 1 3 4 6 5 0 7 8 & 722 & 20 & 0.0008971 & 9.39641 & 8 \\
1 0 5 4 6 2 7 3 8 & 2213 & 21 & 0.0026698 & 8.09127 & 9 \\
7 2 3 1 5 4 8 6 0 & 2265 & 24 & 0.0026933 & 11.2776 & 14 \\
5 7 2 6 4 0 8 3 1 & 3613 & 25 & 0.0042793 & 10.6761 & 13 \\
