5 6 2 7 1 8 3 4 0 & 70436 & 22 & 0.0973302 & 0 & 12 \\
5 3 2 8 7 1 4 0 6 & 98412 & 23 & 0.129354 & 0 & 15 \\
1 0 7 5 2 4 3 8 6 & 11718 & 17 & 0.0156787 & 0 & 13 \\
3 6 4 2 8 0 5 7 1 & 134664 & 25 & 0.175675 & 0 & 17 \\
0 6 1 7 4 2 3 8 5 & 5209 & 16 & 0.0066348 & 0 & 10 \\
0 3 8 2 1 4 7 6 5 & 59830 & 22 & 0.0761302 & 0 & 12 \\
0 8 2 1 5 6 7 3 4 & 71614 & 22 & 0.0936779 & 0 & 14 \\
5 0 2 6 4 8 1 7 3 & 42704 & 21 & 0.053172 & 0 & 11 \\
3 0 8 4 1 2 6 7 5 & 10486 & 17 & 0.0133879 & 0 & 7 \\
7 2 6 3 1 5 8 0 4 & 55230 & 21 & 0.0712093 & 0 & 13 \\
2 4 7 0 3 6 8 1 5 & 86288 & 23 & 0.10975 & 0 & 15 \\
2 1 6 0 4 3 7 5 8 & 87902 & 23 & 0.112574 & 0 & 11 \\
1 2 8 0 3 7 5 6 4 & 24271 & 19 & 0.031003 & 0 & 13 \\
1 4 8 2 7 6 0 3 5 & 67445 & 22 & 0.0869799 & 0 & 14 \\
5 0 2 1 6 8 7 3 4 & 21294 & 19 & 0.0269864 & 0 & 13 \\
6 2 1 5 0 4 3 8 7 & 67976 & 22 & 0.0872169 & 0 & 10 \\
1 8 0 4 5 2 6 7 3 & 30932 & 20 & 0.0398358 & 0 & 10 \\
7 6 4 8 1 3 5 0 2 & 51926 & 21 & 0.0675886 & 0 & 19 \\
1 8 7 5 0 4 2 3 6 & 74010 & 22 & 0.0972769 & 0 & 18 \\
2 8 0 4 1 7 5 6 3 & 57200 & 22 & 0.071362 & 0 & 16 \\
7 8 1 3 6 2 4 5 0 & 6175 & 16 & 0.0080142 & 0 & 14 \\
1 4 7 3 6 2 0 8 5 & 4890 & 16 & 0.0063338 & 0 & 10 \\
5 2 3 4 7 1 8 0 6 & 128087 & 25 & 0.1592 & 0 & 15 \\
5 1 3 2 6 4 7 8 0 & 59140 & 22 & 0.0741654 & 0 & 14 \\
1 0 2 5 8 6 4 7 3 & 86044 & 23 & 0.109931 & 0 & 13 \\
4 7 6 0 5 2 3 8 1 & 124428 & 25 & 0.157072 & 0 & 15 \\
5 8 2 1 7 6 3 0 4 & 55828 & 21 & 0.0719321 & 0 & 15 \\
3 0 2 6 1 4 5 7 8 & 1904 & 13 & 0.0026359 & 0 & 7 \\
2 0 1 7 5 3 8 6 4 & 89286 & 23 & 0.112584 & 0 & 13 \\
8 1 0 5 3 7 2 4 6 & 96167 & 24 & 0.120543 & 0 & 16 \\
0 2 6 5 4 7 1 3 8 & 108997 & 24 & 0.140362 & 0 & 14 \\
4 5 0 1 7 2 3 8 6 & 6800 & 16 & 0.0092965 & 0 & 12 \\
0 6 3 5 8 2 1 7 4 & 12237 & 18 & 0.0151472 & 0 & 16 \\
1 4 8 0 7 5 2 6 3 & 91221 & 23 & 0.116284 & 0 & 13 \\
1 5 0 8 4 3 2 7 6 & 146642 & 26 & 0.183282 & 0 & 14 \\
2 3 6 8 1 0 5 4 7 & 166169 & 27 & 0.212098 & 0 & 17 \\
1 6 0 7 3 8 4 5 2 & 61999 & 22 & 0.0806057 & 0 & 14 \\
8 4 3 1 6 5 0 7 2 & 149038 & 26 & 0.187598 & 0 & 14 \\
3 8 2 7 5 1 0 6 4 & 66394 & 22 & 0.08664 & 0 & 12 \\
7 2 3 6 4 8 1 0 5 & 134964 & 25 & 0.172114 & 0 & 13 \\
3 1 2 4 0 8 5 7 6 & 3528 & 14 & 0.0049758 & 0 & 8 \\
8 5 3 1 2 6 4 0 7 & 141058 & 25 & 0.177103 & 0 & 19 \\
2 0 8 6 1 3 4 7 5 & 51334 & 21 & 0.0647054 & 0 & 11 \\
3 6 7 1 2 8 4 5 0 & 147235 & 26 & 0.19472 & 0 & 16 \\
0 3 6 1 2 8 4 7 5 & 96629 & 24 & 0.120064 & 0 & 14 \\
4 8 6 5 0 7 1 3 2 & 117820 & 24 & 0.148907 & 0 & 20 \\
7 2 0 1 8 6 3 4 5 & 12721 & 18 & 0.0157595 & 0 & 14 \\
4 0 7 1 3 2 5 8 6 & 82402 & 23 & 0.104432 & 0 & 15 \\
1 4 3 0 5 8 7 6 2 & 55950 & 21 & 0.0726294 & 0 & 11 \\
1 3 6 5 8 4 0 2 7 & 170358 & 28 & 0.216991 & 0 & 16 \\
3 1 6 4 0 8 7 5 2 & 41346 & 20 & 0.0526441 & 0 & 12 \\
8 0 5 1 4 3 7 2 6 & 163708 & 27 & 0.207642 & 0 & 15 \\
1 0 2 8 7 3 4 6 5 & 25948 & 19 & 0.0336298 & 0 & 11 \\
5 8 1 4 7 3 2 6 0 & 146431 & 26 & 0.181818 & 0 & 16 \\
6 4 1 2 0 3 7 8 5 & 16644 & 18 & 0.0222006 & 0 & 12 \\
6 1 7 4 8 3 5 2 0 & 113398 & 24 & 0.143727 & 0 & 16 \\
0 1 5 3 8 7 6 4 2 & 12763 & 18 & 0.0163466 & 0 & 8 \\
7 8 2 6 4 3 0 1 5 & 102477 & 24 & 0.128672 & 0 & 12 \\
6 0 8 7 4 3 5 2 1 & 91593 & 23 & 0.117974 & 0 & 17 \\
5 4 0 7 6 2 8 3 1 & 116022 & 24 & 0.147804 & 0 & 16 \\
5 6 1 8 7 0 2 4 3 & 170975 & 27 & 0.21843 & 0 & 19 \\
1 6 7 4 2 0 3 5 8 & 132375 & 25 & 0.16575 & 0 & 13 \\
5 3 6 4 7 2 1 0 8 & 43631 & 21 & 0.0558121 & 0 & 15 \\
0 8 7 4 2 6 1 3 5 & 61343 & 22 & 0.0769712 & 0 & 18 \\
7 2 0 5 4 3 8 6 1 & 173107 & 28 & 0.220808 & 0 & 14 \\
5 3 0 6 7 1 8 2 4 & 37323 & 20 & 0.0493746 & 0 & 16 \\
5 7 2 8 3 6 4 0 1 & 166627 & 27 & 0.214783 & 0 & 17 \\
3 7 8 1 4 6 5 0 2 & 165544 & 27 & 0.210169 & 0 & 15 \\
7 4 5 8 6 3 2 0 1 & 136365 & 25 & 0.172996 & 0 & 19 \\
0 4 1 8 2 5 3 7 6 & 101428 & 24 & 0.127139 & 0 & 10 \\
5 1 7 2 3 6 8 4 0 & 99337 & 24 & 0.124911 & 0 & 16 \\
6 3 4 8 2 1 5 7 0 & 69657 & 22 & 0.0918622 & 0 & 16 \\
2 0 1 5 7 6 4 8 3 & 169153 & 27 & 0.214983 & 0 & 15 \\
7 8 0 6 3 1 2 5 4 & 146614 & 26 & 0.183516 & 0 & 18 \\
6 2 4 3 7 0 5 1 8 & 136769 & 25 & 0.171654 & 0 & 11 \\
7 5 4 8 3 6 0 2 1 & 144168 & 26 & 0.180256 & 0 & 20 \\
3 8 4 5 7 1 0 6 2 & 32178 & 20 & 0.0414724 & 0 & 14 \\
5 6 2 8 7 1 0 3 4 & 149505 & 26 & 0.187348 & 0 & 16 \\
3 2 4 6 5 8 0 7 1 & 6810 & 16 & 0.0087617 & 0 & 10 \\
7 5 1 6 8 4 2 0 3 & 165286 & 27 & 0.220871 & 0 & 17 \\
3 5 2 0 8 1 4 6 7 & 20088 & 19 & 0.0250156 & 0 & 11 \\
8 0 6 7 1 3 5 2 4 & 134133 & 25 & 0.167635 & 0 & 21 \\
2 5 8 4 1 0 6 3 7 & 3471 & 15 & 0.0043165 & 0 & 11 \\
7 0 2 1 8 6 3 4 5 & 9452 & 17 & 0.011849 & 0 & 13 \\
2 1 5 3 8 0 6 7 4 & 4001 & 15 & 0.0054194 & 0 & 7 \\
3 8 6 4 7 0 1 5 2 & 134421 & 25 & 0.169198 & 0 & 17 \\
1 0 7 2 4 3 6 8 5 & 10951 & 17 & 0.0142608 & 0 & 11 \\
3 6 7 5 8 0 4 1 2 & 165164 & 27 & 0.209673 & 0 & 17 \\
6 2 0 3 1 4 8 7 5 & 32194 & 20 & 0.0417123 & 0 & 8 \\
7 1 5 4 0 3 2 6 8 & 37083 & 20 & 0.047014 & 0 & 12 \\
8 0 7 4 6 1 5 2 3 & 163614 & 27 & 0.207707 & 0 & 21 \\
8 2 0 5 7 6 1 3 4 & 145000 & 26 & 0.179419 & 0 & 18 \\
3 8 5 7 0 1 6 4 2 & 68791 & 22 & 0.088711 & 0 & 12 \\
3 5 4 1 7 6 0 2 8 & 69185 & 22 & 0.092334 & 0 & 14 \\
0 2 8 5 4 1 7 3 6 & 66051 & 22 & 0.0859715 & 0 & 12 \\
4 3 7 0 6 1 5 8 2 & 25603 & 19 & 0.0327658 & 0 & 17 \\
2 1 3 4 6 5 0 7 8 & 30499 & 20 & 0.0400662 & 0 & 8 \\
1 0 5 4 6 2 7 3 8 & 45472 & 21 & 0.0576529 & 0 & 9 \\
7 2 3 1 5 4 8 6 0 & 106698 & 24 & 0.134836 & 0 & 14 \\
5 7 2 6 4 0 8 3 1 & 130566 & 25 & 0.162763 & 0 & 13 \\
