5 6 2 7 1 8 3 4 0 & 835 & 22 & 0.0045944 & 9.08244 & 12 \\
5 3 2 8 7 1 4 0 6 & 1024 & 23 & 0.0050461 & 10.0667 & 15 \\
1 0 7 5 2 4 3 8 6 & 72 & 17 & 0.002608 & 9.15079 & 13 \\
3 6 4 2 8 0 5 7 1 & 953 & 25 & 0.0049164 & 11.6783 & 17 \\
0 6 1 7 4 2 3 8 5 & 91 & 16 & 0.002608 & 6.72561 & 10 \\
0 3 8 2 1 4 7 6 5 & 652 & 22 & 0.0040754 & 9.37182 & 12 \\
0 8 2 1 5 6 7 3 4 & 350 & 22 & 0.0033234 & 10.4395 & 14 \\
5 0 2 6 4 8 1 7 3 & 612 & 21 & 0.0040562 & 9.81136 & 11 \\
3 0 8 4 1 2 6 7 5 & 232 & 17 & 0.0029766 & 7.8625 & 7 \\
7 2 6 3 1 5 8 0 4 & 177 & 21 & 0.0028422 & 10.8271 & 13 \\
2 4 7 0 3 6 8 1 5 & 511 & 23 & 0.0036638 & 9.97655 & 15 \\
2 1 6 0 4 3 7 5 8 & 1037 & 23 & 0.0052728 & 10.3864 & 11 \\
1 2 8 0 3 7 5 6 4 & 197 & 19 & 0.0028407 & 8.38938 & 13 \\
1 4 8 2 7 6 0 3 5 & 697 & 22 & 0.004093 & 9.28096 & 14 \\
5 0 2 1 6 8 7 3 4 & 239 & 19 & 0.0029107 & 7.90571 & 13 \\
6 2 1 5 0 4 3 8 7 & 1622 & 22 & 0.0065635 & 9.72591 & 10 \\
1 8 0 4 5 2 6 7 3 & 315 & 20 & 0.0031794 & 8.87339 & 10 \\
7 6 4 8 1 3 5 0 2 & 30 & 21 & 0.0024952 & 10.3269 & 19 \\
1 8 7 5 0 4 2 3 6 & 373 & 22 & 0.0034263 & 10.5618 & 18 \\
2 8 0 4 1 7 5 6 3 & 550 & 22 & 0.0037758 & 10.553 & 16 \\
7 8 1 3 6 2 4 5 0 & 34 & 16 & 0.0024565 & 8.22951 & 14 \\
1 4 7 3 6 2 0 8 5 & 118 & 16 & 0.0029615 & 8.47549 & 10 \\
5 2 3 4 7 1 8 0 6 & 1449 & 25 & 0.0064805 & 10.8645 & 15 \\
5 1 3 2 6 4 7 8 0 & 873 & 22 & 0.0049244 & 10.0839 & 14 \\
1 0 2 5 8 6 4 7 3 & 808 & 23 & 0.0047326 & 9.78436 & 13 \\
4 7 6 0 5 2 3 8 1 & 1167 & 25 & 0.0053719 & 10.5056 & 15 \\
5 8 2 1 7 6 3 0 4 & 308 & 21 & 0.0033218 & 9.42476 & 15 \\
3 0 2 6 1 4 5 7 8 & 41 & 13 & 0.0025614 & 6.08 & 7 \\
2 0 1 7 5 3 8 6 4 & 533 & 23 & 0.0039191 & 11.0371 & 13 \\
8 1 0 5 3 7 2 4 6 & 346 & 24 & 0.0032341 & 11.5 & 16 \\
0 2 6 5 4 7 1 3 8 & 929 & 24 & 0.0048302 & 10.2885 & 14 \\
4 5 0 1 7 2 3 8 6 & 117 & 16 & 0.0028363 & 8.69951 & 12 \\
0 6 3 5 8 2 1 7 4 & 26 & 18 & 0.0025842 & 9.02083 & 16 \\
1 4 8 0 7 5 2 6 3 & 666 & 23 & 0.0040323 & 10.136 & 13 \\
1 5 0 8 4 3 2 7 6 & 1734 & 26 & 0.0069135 & 10.7851 & 14 \\
2 3 6 8 1 0 5 4 7 & 1824 & 27 & 0.0072284 & 12.1416 & 17 \\
1 6 0 7 3 8 4 5 2 & 231 & 22 & 0.0030548 & 11.4182 & 14 \\
8 4 3 1 6 5 0 7 2 & 1807 & 26 & 0.007572 & 10.7077 & 14 \\
3 8 2 7 5 1 0 6 4 & 655 & 22 & 0.0041943 & 9.45545 & 12 \\
7 2 3 6 4 8 1 0 5 & 2298 & 25 & 0.0086121 & 10.2244 & 13 \\
3 1 2 4 0 8 5 7 6 & 76 & 14 & 0.0025139 & 7.45185 & 8 \\
8 5 3 1 2 6 4 0 7 & 786 & 25 & 0.0044618 & 11.2696 & 19 \\
2 0 8 6 1 3 4 7 5 & 609 & 21 & 0.0042023 & 9.22804 & 11 \\
3 6 7 1 2 8 4 5 0 & 2231 & 26 & 0.0083628 & 10.6504 & 16 \\
0 3 6 1 2 8 4 7 5 & 1757 & 24 & 0.0070135 & 9.85137 & 14 \\
4 8 6 5 0 7 1 3 2 & 299 & 24 & 0.0031539 & 11.503 & 20 \\
7 2 0 1 8 6 3 4 5 & 41 & 18 & 0.0025297 & 9.95946 & 14 \\
4 0 7 1 3 2 5 8 6 & 543 & 23 & 0.00376 & 10.6895 & 15 \\
1 4 3 0 5 8 7 6 2 & 438 & 21 & 0.0034503 & 10.0621 & 11 \\
1 3 6 5 8 4 0 2 7 & 2864 & 28 & 0.0102637 & 12.2559 & 16 \\
3 1 6 4 0 8 7 5 2 & 221 & 20 & 0.0029241 & 9.78497 & 12 \\
8 0 5 1 4 3 7 2 6 & 2849 & 27 & 0.0102935 & 11.0714 & 15 \\
1 0 2 8 7 3 4 6 5 & 179 & 19 & 0.0029145 & 8.82792 & 11 \\
5 8 1 4 7 3 2 6 0 & 1075 & 26 & 0.0053386 & 11.5799 & 16 \\
6 4 1 2 0 3 7 8 5 & 177 & 18 & 0.0029021 & 8.58117 & 12 \\
6 1 7 4 8 3 5 2 0 & 752 & 24 & 0.0043595 & 10.0917 & 16 \\
0 1 5 3 8 7 6 4 2 & 182 & 18 & 0.002843 & 8.18649 & 8 \\
7 8 2 6 4 3 0 1 5 & 1355 & 24 & 0.0059672 & 10.0853 & 12 \\
6 0 8 7 4 3 5 2 1 & 205 & 23 & 0.0030772 & 11.0603 & 17 \\
5 4 0 7 6 2 8 3 1 & 712 & 24 & 0.0042258 & 10.5858 & 16 \\
5 6 1 8 7 0 2 4 3 & 1421 & 27 & 0.0061398 & 12.0228 & 19 \\
1 6 7 4 2 0 3 5 8 & 2186 & 25 & 0.0082598 & 9.91612 & 13 \\
5 3 6 4 7 2 1 0 8 & 168 & 21 & 0.0028135 & 10.6818 & 15 \\
0 8 7 4 2 6 1 3 5 & 39 & 22 & 0.0025103 & 12.0147 & 18 \\
7 2 0 5 4 3 8 6 1 & 4038 & 28 & 0.0135611 & 11.1541 & 14 \\
5 3 0 6 7 1 8 2 4 & 90 & 20 & 0.0026084 & 9.61688 & 16 \\
5 7 2 8 3 6 4 0 1 & 2905 & 27 & 0.0105478 & 10.8626 & 17 \\
3 7 8 1 4 6 5 0 2 & 2301 & 27 & 0.0088842 & 11.8772 & 15 \\
7 4 5 8 6 3 2 0 1 & 698 & 25 & 0.0042586 & 10.8711 & 19 \\
0 4 1 8 2 5 3 7 6 & 2190 & 24 & 0.0083609 & 9.48527 & 10 \\
5 1 7 2 3 6 8 4 0 & 936 & 24 & 0.0048591 & 11.8384 & 16 \\
6 3 4 8 2 1 5 7 0 & 238 & 22 & 0.003053 & 9.92629 & 16 \\
2 0 1 5 7 6 4 8 3 & 3038 & 27 & 0.010605 & 10.957 & 15 \\
7 8 0 6 3 1 2 5 4 & 1632 & 26 & 0.0067603 & 10.8184 & 18 \\
6 2 4 3 7 0 5 1 8 & 4306 & 25 & 0.0143507 & 10.3003 & 11 \\
7 5 4 8 3 6 0 2 1 & 739 & 26 & 0.0042349 & 11.9036 & 20 \\
3 8 4 5 7 1 0 6 2 & 382 & 20 & 0.003255 & 9.36435 & 14 \\
5 6 2 8 7 1 0 3 4 & 2084 & 26 & 0.0077813 & 10.7022 & 16 \\
3 2 4 6 5 8 0 7 1 & 99 & 16 & 0.0025555 & 7.52841 & 10 \\
7 5 1 6 8 4 2 0 3 & 2764 & 27 & 0.010005 & 11.4317 & 17 \\
3 5 2 0 8 1 4 6 7 & 428 & 19 & 0.0036776 & 8.66071 & 11 \\
8 0 6 7 1 3 5 2 4 & 715 & 25 & 0.0043181 & 13.0852 & 21 \\
2 5 8 4 1 0 6 3 7 & 68 & 15 & 0.0025039 & 7.35246 & 11 \\
7 0 2 1 8 6 3 4 5 & 34 & 17 & 0.0025042 & 9.27419 & 13 \\
2 1 5 3 8 0 6 7 4 & 121 & 15 & 0.002775 & 7.37799 & 7 \\
3 8 6 4 7 0 1 5 2 & 993 & 25 & 0.0051148 & 10.7449 & 17 \\
1 0 7 2 4 3 6 8 5 & 163 & 17 & 0.0029572 & 8.92553 & 11 \\
3 6 7 5 8 0 4 1 2 & 2389 & 27 & 0.0086788 & 11.712 & 17 \\
6 2 0 3 1 4 8 7 5 & 369 & 20 & 0.0032099 & 8.33812 & 8 \\
7 1 5 4 0 3 2 6 8 & 356 & 20 & 0.003427 & 8.59302 & 12 \\
8 0 7 4 6 1 5 2 3 & 1461 & 27 & 0.0062454 & 11.1426 & 21 \\
8 2 0 5 7 6 1 3 4 & 854 & 26 & 0.004684 & 11.4814 & 18 \\
3 8 5 7 0 1 6 4 2 & 730 & 22 & 0.0041793 & 9.60016 & 12 \\
3 5 4 1 7 6 0 2 8 & 257 & 22 & 0.0030981 & 11.3218 & 14 \\
0 2 8 5 4 1 7 3 6 & 414 & 22 & 0.0037134 & 9.85248 & 12 \\
4 3 7 0 6 1 5 8 2 & 181 & 19 & 0.0029042 & 9.89644 & 17 \\
2 1 3 4 6 5 0 7 8 & 336 & 20 & 0.0031066 & 9.109 & 8 \\
1 0 5 4 6 2 7 3 8 & 707 & 21 & 0.0040868 & 8.57759 & 9 \\
7 2 3 1 5 4 8 6 0 & 1467 & 24 & 0.0063106 & 11.0388 & 14 \\
5 7 2 6 4 0 8 3 1 & 1319 & 25 & 0.0058188 & 10.7828 & 13 \\
