5 6 2 7 1 8 3 4 0 & 579 & 156 & 0.0016436 & 7.00877 & 12 \\
5 3 2 8 7 1 4 0 6 & 437 & 187 & 0.0012926 & 6.86951 & 15 \\
1 0 7 5 2 4 3 8 6 & 430 & 189 & 0.0015234 & 6.61075 & 13 \\
3 6 4 2 8 0 5 7 1 & 466 & 207 & 0.0015869 & 6.94545 & 17 \\
0 6 1 7 4 2 3 8 5 & 16 & 16 & 5.33e-05 & 5.5 & 10 \\
0 3 8 2 1 4 7 6 5 & 407 & 152 & 0.0011344 & 6.59085 & 12 \\
0 8 2 1 5 6 7 3 4 & 422 & 168 & 0.0013118 & 6.6126 & 14 \\
5 0 2 6 4 8 1 7 3 & 96 & 27 & 0.0002699 & 8.05422 & 11 \\
3 0 8 4 1 2 6 7 5 & 576 & 87 & 0.0018791 & 6.73002 & 7 \\
7 2 6 3 1 5 8 0 4 & 634 & 119 & 0.0019193 & 7.05254 & 13 \\
2 4 7 0 3 6 8 1 5 & 90 & 57 & 0.0002564 & 6.80982 & 15 \\
2 1 6 0 4 3 7 5 8 & 560 & 141 & 0.0018508 & 6.93239 & 11 \\
1 2 8 0 3 7 5 6 4 & 83 & 47 & 0.0002574 & 5.89116 & 13 \\
1 4 8 2 7 6 0 3 5 & 502 & 146 & 0.0016718 & 6.7343 & 14 \\
5 0 2 1 6 8 7 3 4 & 66 & 39 & 0.0002026 & 6.13445 & 13 \\
6 2 1 5 0 4 3 8 7 & 501 & 146 & 0.0013735 & 6.69877 & 10 \\
1 8 0 4 5 2 6 7 3 & 81 & 44 & 0.0002403 & 6.51064 & 10 \\
7 6 4 8 1 3 5 0 2 & 46 & 37 & 0.0001421 & 7.86905 & 19 \\
1 8 7 5 0 4 2 3 6 & 386 & 160 & 0.0012626 & 6.8064 & 18 \\
2 8 0 4 1 7 5 6 3 & 429 & 190 & 0.0012203 & 6.8082 & 16 \\
7 8 1 3 6 2 4 5 0 & 540 & 132 & 0.001472 & 6.77443 & 14 \\
1 4 7 3 6 2 0 8 5 & 453 & 166 & 0.0012327 & 6.64375 & 10 \\
5 2 3 4 7 1 8 0 6 & 464 & 181 & 0.0015134 & 6.87607 & 15 \\
5 1 3 2 6 4 7 8 0 & 651 & 198 & 0.0021414 & 7.22193 & 14 \\
1 0 2 5 8 6 4 7 3 & 406 & 189 & 0.0011654 & 6.62845 & 13 \\
4 7 6 0 5 2 3 8 1 & 423 & 187 & 0.0011322 & 6.83737 & 15 \\
5 8 2 1 7 6 3 0 4 & 453 & 203 & 0.001225 & 6.81716 & 15 \\
3 0 2 6 1 4 5 7 8 & 17 & 15 & 4.98e-05 & 5.38235 & 7 \\
2 0 1 7 5 3 8 6 4 & 405 & 165 & 0.0010706 & 6.69777 & 13 \\
8 1 0 5 3 7 2 4 6 & 542 & 140 & 0.0014367 & 6.95327 & 16 \\
0 2 6 5 4 7 1 3 8 & 135 & 38 & 0.0003954 & 8.6913 & 14 \\
4 5 0 1 7 2 3 8 6 & 67 & 34 & 0.0001972 & 7.91453 & 12 \\
0 6 3 5 8 2 1 7 4 & 452 & 194 & 0.0012242 & 6.75905 & 16 \\
1 4 8 0 7 5 2 6 3 & 432 & 195 & 0.0013151 & 6.80921 & 13 \\
1 5 0 8 4 3 2 7 6 & 521 & 162 & 0.0016049 & 6.9145 & 14 \\
2 3 6 8 1 0 5 4 7 & 111 & 79 & 0.0003114 & 7.82741 & 17 \\
1 6 0 7 3 8 4 5 2 & 590 & 98 & 0.0017418 & 6.83349 & 14 \\
8 4 3 1 6 5 0 7 2 & 549 & 148 & 0.0014714 & 6.89877 & 14 \\
3 8 2 7 5 1 0 6 4 & 447 & 184 & 0.0011913 & 6.72819 & 12 \\
7 2 3 6 4 8 1 0 5 & 460 & 211 & 0.0012235 & 6.95679 & 13 \\
3 1 2 4 0 8 5 7 6 & 394 & 140 & 0.0010366 & 6.4721 & 8 \\
8 5 3 1 2 6 4 0 7 & 65 & 45 & 0.0001636 & 7.79832 & 19 \\
2 0 8 6 1 3 4 7 5 & 510 & 155 & 0.0013468 & 6.72898 & 11 \\
3 6 7 1 2 8 4 5 0 & 525 & 222 & 0.0014198 & 6.77065 & 16 \\
0 3 6 1 2 8 4 7 5 & 533 & 130 & 0.0016936 & 6.88877 & 14 \\
4 8 6 5 0 7 1 3 2 & 416 & 184 & 0.0011159 & 6.96346 & 20 \\
7 2 0 1 8 6 3 4 5 & 19 & 18 & 5.01e-05 & 7.47222 & 14 \\
4 0 7 1 3 2 5 8 6 & 428 & 181 & 0.0011283 & 6.7876 & 15 \\
1 4 3 0 5 8 7 6 2 & 552 & 149 & 0.0015002 & 6.85234 & 11 \\
1 3 6 5 8 4 0 2 7 & 461 & 198 & 0.0012214 & 7.30037 & 16 \\
3 1 6 4 0 8 7 5 2 & 496 & 174 & 0.0012919 & 7.07913 & 12 \\
8 0 5 1 4 3 7 2 6 & 88 & 49 & 0.0002762 & 7.53896 & 15 \\
1 0 2 8 7 3 4 6 5 & 601 & 101 & 0.0018184 & 6.78992 & 11 \\
5 8 1 4 7 3 2 6 0 & 452 & 206 & 0.0012025 & 7.27904 & 16 \\
6 4 1 2 0 3 7 8 5 & 560 & 132 & 0.0014808 & 6.86391 & 12 \\
6 1 7 4 8 3 5 2 0 & 43 & 36 & 0.00011 & 7.33333 & 16 \\
0 1 5 3 8 7 6 4 2 & 480 & 180 & 0.0012737 & 6.94675 & 8 \\
7 8 2 6 4 3 0 1 5 & 459 & 216 & 0.0012222 & 7.02829 & 12 \\
6 0 8 7 4 3 5 2 1 & 80 & 55 & 0.0002437 & 7.75887 & 17 \\
5 4 0 7 6 2 8 3 1 & 68 & 46 & 0.0001722 & 6.6281 & 16 \\
5 6 1 8 7 0 2 4 3 & 525 & 219 & 0.0014148 & 6.79652 & 19 \\
1 6 7 4 2 0 3 5 8 & 401 & 153 & 0.0010576 & 6.59748 & 13 \\
5 3 6 4 7 2 1 0 8 & 632 & 195 & 0.0016929 & 7.22292 & 15 \\
0 8 7 4 2 6 1 3 5 & 416 & 188 & 0.0011002 & 6.95522 & 18 \\
7 2 0 5 4 3 8 6 1 & 496 & 210 & 0.0013268 & 7.47886 & 14 \\
5 3 0 6 7 1 8 2 4 & 20 & 20 & 4.65e-05 & 7.91667 & 16 \\
5 7 2 8 3 6 4 0 1 & 659 & 129 & 0.0017562 & 7.1188 & 17 \\
3 7 8 1 4 6 5 0 2 & 474 & 197 & 0.0012491 & 6.95585 & 15 \\
7 4 5 8 6 3 2 0 1 & 62 & 41 & 0.0002375 & 7.63393 & 19 \\
0 4 1 8 2 5 3 7 6 & 423 & 170 & 0.0011222 & 6.56225 & 10 \\
5 1 7 2 3 6 8 4 0 & 514 & 158 & 0.0013547 & 6.83297 & 16 \\
6 3 4 8 2 1 5 7 0 & 394 & 166 & 0.0010532 & 6.625 & 16 \\
2 0 1 5 7 6 4 8 3 & 420 & 181 & 0.0011139 & 6.91263 & 15 \\
7 8 0 6 3 1 2 5 4 & 410 & 178 & 0.0010997 & 6.70621 & 18 \\
6 2 4 3 7 0 5 1 8 & 386 & 175 & 0.0010314 & 6.51458 & 11 \\
7 5 4 8 3 6 0 2 1 & 448 & 176 & 0.001183 & 6.87753 & 20 \\
3 8 4 5 7 1 0 6 2 & 389 & 164 & 0.0010191 & 6.53546 & 14 \\
5 6 2 8 7 1 0 3 4 & 466 & 194 & 0.0012408 & 6.90413 & 16 \\
3 2 4 6 5 8 0 7 1 & 453 & 194 & 0.0012098 & 6.61615 & 10 \\
7 5 1 6 8 4 2 0 3 & 442 & 193 & 0.0011616 & 6.83655 & 17 \\
3 5 2 0 8 1 4 6 7 & 590 & 129 & 0.0015487 & 6.82882 & 11 \\
8 0 6 7 1 3 5 2 4 & 454 & 197 & 0.0012653 & 7.0087 & 21 \\
2 5 8 4 1 0 6 3 7 & 57 & 39 & 0.0001466 & 5.57547 & 11 \\
7 0 2 1 8 6 3 4 5 & 18 & 17 & 5.03e-05 & 7.25714 & 13 \\
2 1 5 3 8 0 6 7 4 & 387 & 149 & 0.0010585 & 6.43586 & 7 \\
3 8 6 4 7 0 1 5 2 & 572 & 175 & 0.001528 & 7.08036 & 17 \\
1 0 7 2 4 3 6 8 5 & 417 & 179 & 0.0011055 & 6.6449 & 11 \\
3 6 7 5 8 0 4 1 2 & 596 & 175 & 0.0016095 & 7.10293 & 17 \\
6 2 0 3 1 4 8 7 5 & 382 & 168 & 0.001029 & 6.38881 & 8 \\
7 1 5 4 0 3 2 6 8 & 522 & 150 & 0.001388 & 6.74273 & 12 \\
8 0 7 4 6 1 5 2 3 & 580 & 151 & 0.0015547 & 7.11359 & 21 \\
8 2 0 5 7 6 1 3 4 & 458 & 208 & 0.0012277 & 6.90999 & 18 \\
3 8 5 7 0 1 6 4 2 & 485 & 176 & 0.001285 & 6.98945 & 12 \\
3 5 4 1 7 6 0 2 8 & 580 & 152 & 0.0018428 & 6.98928 & 14 \\
0 2 8 5 4 1 7 3 6 & 409 & 152 & 0.0012211 & 6.71724 & 12 \\
4 3 7 0 6 1 5 8 2 & 403 & 161 & 0.0010716 & 6.64895 & 17 \\
2 1 3 4 6 5 0 7 8 & 636 & 186 & 0.0016865 & 7.13375 & 8 \\
1 0 5 4 6 2 7 3 8 & 48 & 29 & 0.0001166 & 5.71591 & 9 \\
7 2 3 1 5 4 8 6 0 & 613 & 104 & 0.0016242 & 6.96051 & 14 \\
5 7 2 6 4 0 8 3 1 & 450 & 203 & 0.0012121 & 6.84375 & 13 \\
