5 6 2 7 1 8 3 4 0 & 809224 & 22 & 0.85824 & 0 & 12 \\
5 3 2 8 7 1 4 0 6 & 1659716 & 23 & 1.7546 & 0 & 15 \\
1 0 7 5 2 4 3 8 6 & 56332 & 17 & 0.0598241 & 0 & 13 \\
3 6 4 2 8 0 5 7 1 & 3832745 & 25 & 4.02973 & 0 & 17 \\
0 6 1 7 4 2 3 8 5 & 20305 & 16 & 0.0217507 & 0 & 10 \\
0 3 8 2 1 4 7 6 5 & 572929 & 22 & 0.599586 & 0 & 12 \\
0 8 2 1 5 6 7 3 4 & 840836 & 22 & 0.885437 & 0 & 14 \\
5 0 2 6 4 8 1 7 3 & 336804 & 21 & 0.352291 & 0 & 11 \\
3 0 8 4 1 2 6 7 5 & 48030 & 17 & 0.0514314 & 0 & 7 \\
7 2 6 3 1 5 8 0 4 & 523656 & 21 & 0.550425 & 0 & 13 \\
2 4 7 0 3 6 8 1 5 & 1183127 & 23 & 1.23547 & 0 & 15 \\
2 1 6 0 4 3 7 5 8 & 1229083 & 23 & 1.28895 & 0 & 11 \\
1 2 8 0 3 7 5 6 4 & 144153 & 19 & 0.151846 & 0 & 13 \\
1 4 8 2 7 6 0 3 5 & 726908 & 22 & 0.764043 & 0 & 14 \\
5 0 2 1 6 8 7 3 4 & 119854 & 19 & 0.125242 & 0 & 13 \\
6 2 1 5 0 4 3 8 7 & 746437 & 22 & 0.781313 & 0 & 10 \\
1 8 0 4 5 2 6 7 3 & 201422 & 20 & 0.210632 & 0 & 10 \\
7 6 4 8 1 3 5 0 2 & 463439 & 21 & 0.495267 & 0 & 19 \\
1 8 7 5 0 4 2 3 6 & 880730 & 22 & 0.928312 & 0 & 18 \\
2 8 0 4 1 7 5 6 3 & 529433 & 22 & 0.554831 & 0 & 16 \\
7 8 1 3 6 2 4 5 0 & 25389 & 16 & 0.027841 & 0 & 14 \\
1 4 7 3 6 2 0 8 5 & 18803 & 16 & 0.0198389 & 0 & 10 \\
5 2 3 4 7 1 8 0 6 & 3233556 & 25 & 3.37802 & 0 & 15 \\
5 1 3 2 6 4 7 8 0 & 559966 & 22 & 0.584717 & 0 & 14 \\
1 0 2 5 8 6 4 7 3 & 1161412 & 23 & 1.26407 & 0 & 13 \\
4 7 6 0 5 2 3 8 1 & 3012022 & 25 & 3.21555 & 0 & 15 \\
5 8 2 1 7 6 3 0 4 & 533665 & 21 & 0.589789 & 0 & 15 \\
3 0 2 6 1 4 5 7 8 & 6472 & 13 & 0.0078863 & 0 & 7 \\
2 0 1 7 5 3 8 6 4 & 1258485 & 23 & 1.40772 & 0 & 13 \\
8 1 0 5 3 7 2 4 6 & 1506581 & 24 & 1.67727 & 0 & 16 \\
0 2 6 5 4 7 1 3 8 & 2082556 & 24 & 2.27554 & 0 & 14 \\
4 5 0 1 7 2 3 8 6 & 28816 & 16 & 0.0317837 & 0 & 12 \\
0 6 3 5 8 2 1 7 4 & 57963 & 18 & 0.0635711 & 0 & 16 \\
1 4 8 0 7 5 2 6 3 & 1339032 & 23 & 1.46203 & 0 & 13 \\
1 5 0 8 4 3 2 7 6 & 5227219 & 26 & 5.73651 & 0 & 14 \\
2 3 6 8 1 0 5 4 7 & 10582097 & 27 & 11.1892 & 0 & 17 \\
1 6 0 7 3 8 4 5 2 & 618550 & 22 & 0.649908 & 0 & 14 \\
8 4 3 1 6 5 0 7 2 & 5647709 & 26 & 5.92896 & 0 & 14 \\
3 8 2 7 5 1 0 6 4 & 707091 & 22 & 0.750886 & 0 & 12 \\
7 2 3 6 4 8 1 0 5 & 3906491 & 25 & 4.1104 & 0 & 13 \\
3 1 2 4 0 8 5 7 6 & 13166 & 14 & 0.0151663 & 0 & 8 \\
8 5 3 1 2 6 4 0 7 & 4826279 & 25 & 5.09711 & 0 & 19 \\
2 0 8 6 1 3 4 7 5 & 445186 & 21 & 0.468913 & 0 & 11 \\
3 6 7 1 2 8 4 5 0 & 5301125 & 26 & 5.54982 & 0 & 16 \\
0 3 6 1 2 8 4 7 5 & 1521264 & 24 & 1.57948 & 0 & 14 \\
4 8 6 5 0 7 1 3 2 & 2550556 & 24 & 2.67016 & 0 & 20 \\
7 2 0 1 8 6 3 4 5 & 60744 & 18 & 0.0641694 & 0 & 14 \\
4 0 7 1 3 2 5 8 6 & 1071876 & 23 & 1.11626 & 0 & 15 \\
1 4 3 0 5 8 7 6 2 & 542261 & 21 & 0.572335 & 0 & 11 \\
1 3 6 5 8 4 0 2 7 & 13426501 & 28 & 14.0101 & 0 & 16 \\
3 1 6 4 0 8 7 5 2 & 323493 & 20 & 0.339746 & 0 & 12 \\
8 0 5 1 4 3 7 2 6 & 9617303 & 27 & 10.046 & 0 & 15 \\
1 0 2 8 7 3 4 6 5 & 160297 & 19 & 0.169472 & 0 & 11 \\
5 8 1 4 7 3 2 6 0 & 5150682 & 26 & 5.38077 & 0 & 16 \\
6 4 1 2 0 3 7 8 5 & 86884 & 18 & 0.0918304 & 0 & 12 \\
6 1 7 4 8 3 5 2 0 & 2296791 & 24 & 2.41447 & 0 & 16 \\
0 1 5 3 8 7 6 4 2 & 60654 & 18 & 0.0635106 & 0 & 8 \\
7 8 2 6 4 3 0 1 5 & 1715624 & 24 & 1.78983 & 0 & 12 \\
6 0 8 7 4 3 5 2 1 & 1336827 & 23 & 1.40222 & 0 & 17 \\
5 4 0 7 6 2 8 3 1 & 2536222 & 24 & 2.70374 & 0 & 16 \\
5 6 1 8 7 0 2 4 3 & 15171649 & 27 & 16.0374 & 0 & 19 \\
1 6 7 4 2 0 3 5 8 & 3587527 & 25 & 3.76729 & 0 & 13 \\
5 3 6 4 7 2 1 0 8 & 344582 & 21 & 0.359739 & 0 & 15 \\
0 8 7 4 2 6 1 3 5 & 599226 & 22 & 0.626897 & 0 & 18 \\
7 2 0 5 4 3 8 6 1 & 15073854 & 28 & 15.7997 & 0 & 14 \\
5 3 0 6 7 1 8 2 4 & 277227 & 20 & 0.297705 & 0 & 16 \\
5 7 2 8 3 6 4 0 1 & 10843669 & 27 & 11.3882 & 0 & 17 \\
3 7 8 1 4 6 5 0 2 & 10295974 & 27 & 10.7938 & 0 & 15 \\
7 4 5 8 6 3 2 0 1 & 4095213 & 25 & 4.30622 & 0 & 19 \\
0 4 1 8 2 5 3 7 6 & 1665813 & 24 & 1.75543 & 0 & 10 \\
5 1 7 2 3 6 8 4 0 & 1583030 & 24 & 1.67447 & 0 & 16 \\
6 3 4 8 2 1 5 7 0 & 792904 & 22 & 0.858472 & 0 & 16 \\
2 0 1 5 7 6 4 8 3 & 12496979 & 27 & 13.4402 & 0 & 15 \\
7 8 0 6 3 1 2 5 4 & 5225955 & 26 & 5.53618 & 0 & 18 \\
6 2 4 3 7 0 5 1 8 & 4088312 & 25 & 4.3723 & 0 & 11 \\
7 5 4 8 3 6 0 2 1 & 4873453 & 26 & 5.19244 & 0 & 20 \\
3 8 4 5 7 1 0 6 2 & 214527 & 20 & 0.229377 & 0 & 14 \\
5 6 2 8 7 1 0 3 4 & 5735592 & 26 & 6.12543 & 0 & 16 \\
3 2 4 6 5 8 0 7 1 & 28881 & 16 & 0.0322192 & 0 & 10 \\
7 5 1 6 8 4 2 0 3 & 10128430 & 27 & 10.6928 & 0 & 17 \\
3 5 2 0 8 1 4 6 7 & 110829 & 19 & 0.117531 & 0 & 11 \\
8 0 6 7 1 3 5 2 4 & 3745531 & 25 & 3.96496 & 0 & 21 \\
2 5 8 4 1 0 6 3 7 & 12608 & 15 & 0.0135106 & 0 & 11 \\
7 0 2 1 8 6 3 4 5 & 42323 & 17 & 0.0465028 & 0 & 13 \\
2 1 5 3 8 0 6 7 4 & 15054 & 15 & 0.0166675 & 0 & 7 \\
3 8 6 4 7 0 1 5 2 & 3814064 & 25 & 4.0465 & 0 & 17 \\
1 0 7 2 4 3 6 8 5 & 51080 & 17 & 0.0554454 & 0 & 11 \\
3 6 7 5 8 0 4 1 2 & 10083429 & 27 & 10.6125 & 0 & 17 \\
6 2 0 3 1 4 8 7 5 & 216000 & 20 & 0.230292 & 0 & 8 \\
7 1 5 4 0 3 2 6 8 & 269408 & 20 & 0.285991 & 0 & 12 \\
8 0 7 4 6 1 5 2 3 & 9608157 & 27 & 10.1174 & 0 & 21 \\
8 2 0 5 7 6 1 3 4 & 4963354 & 26 & 5.34776 & 0 & 18 \\
3 8 5 7 0 1 6 4 2 & 761900 & 22 & 0.826559 & 0 & 12 \\
3 5 4 1 7 6 0 2 8 & 779904 & 22 & 0.857787 & 0 & 14 \\
0 2 8 5 4 1 7 3 6 & 713444 & 22 & 0.75859 & 0 & 12 \\
4 3 7 0 6 1 5 8 2 & 156601 & 19 & 0.166101 & 0 & 17 \\
2 1 3 4 6 5 0 7 8 & 197513 & 20 & 0.207025 & 0 & 8 \\
1 0 5 4 6 2 7 3 8 & 365116 & 21 & 0.381986 & 0 & 9 \\
7 2 3 1 5 4 8 6 0 & 1905883 & 24 & 2.0016 & 0 & 14 \\
5 7 2 6 4 0 8 3 1 & 3411288 & 25 & 3.56711 & 0 & 13 \\
